1665607661905 0.3346942036060731 0
1665607662099 0.330161809786469 1
1665607662305 0.33350091228923 2
1665607662518 0.3296642303051745 3
1665607662712 0.33076088846131046 4
1665607662904 0.3286754200729326 5
1665607663104 0.3309265755588179 6
1665607663310 0.33084757746814614 7
1665607663503 0.3307876884719095 8
1665607663696 0.3288236287154861 9
1665607663890 0.3278514468140561 10
1665607664095 0.32876665124765597 11
1665607664298 0.3323178346869768 12
1665607664491 0.33258473758513146 13
1665607664687 0.32791987795556216 14
1665607664879 0.33054560992595683 15
1665607665072 0.3297253018423749 16
1665607665276 0.3295767567817428 17
1665607665470 0.3270947719373703 18
1665607665664 0.3315439280767958 19
1665607665857 0.3286822612419719 20
1665607666049 0.3296231374575765 21
1665607666248 0.3312028017134143 22
1665607666441 0.33233128825817915 23
1665607666636 0.3288042903057095 24
1665607666829 0.3296701509111666 25
1665607667021 0.32961801310774014 26
1665607667219 0.3302047936238116 27
1665607667412 0.33125967569629794 28
1665607667606 0.33187849087170646 29
1665607667800 0.3285988547154592 30
1665607667993 0.33222112900337497 31
1665607668198 0.3317611629648743 32
1665607668391 0.33013964164754295 33
1665607668586 0.33045950199865065 34
1665607668779 0.3305399892977596 35
1665607668972 0.3318888732980165 36
1665607669169 0.33008488715240797 37
1665607669363 0.3283374800211552 38
1665607669558 0.32999879175202684 39
1665607669753 0.3307562596341164 40
1665607669946 0.32629999230575685 41
1665607670147 0.33043187185398215 42
1665607670342 0.3313654541563116 43
1665607670536 0.3303415927292195 44
1665607670731 0.333096460155037 45
1665607670924 0.3289580822983668 46
1665607671126 0.33031970465401367 47
1665607671319 0.33136535527563243 48
1665607671513 0.33152829381572363 49
1665607671706 0.330059788796772 50
1665607671899 0.3294447416487045 51
1665607672099 0.3314431689212905 52
1665607672292 0.32688886244021803 53
1665607672486 0.32759556214466473 54
1665607672681 0.33032516716883925 55
1665607672874 0.3289314989562209 56
1665607673071 0.3314439405378648 57
1665607673265 0.3295379041510058 58
1665607673459 0.3325559634051785 59
1665607673653 0.3310753033953786 60
1665607673846 0.3303968904046953 61
1665607674046 0.33018575633664876 62
1665607674239 0.33041497178766766 63
1665607674432 0.3308554348044734 64
1665607674626 0.3310654197708367 65
1665607674820 0.3313815754673939 66
1665607675017 0.3314530455478838 67
1665607675211 0.33271601769068215 68
1665607675404 0.32806532367939445 69
1665607675598 0.3327166624299911 70
1665607675792 0.33091813779123297 71
1665607675992 0.3295821450016894 72
1665607676185 0.3301984841618627 73
1665607676378 0.3298434685972099 74
1665607676571 0.3319864224601653 75
1665607676766 0.3314881774020034 76
1665607676965 0.3348463838866118 77
1665607677163 0.32998884823981484 78
1665607677362 0.3312548688955259 79
1665607677555 0.3289865115626122 80
1665607677748 0.33155243490439323 81
1665607677948 0.3313656250942292 82
1665607678142 0.32974732158321773 83
1665607678337 0.3294840823320515 84
1665607678531 0.3315034559955143 85
1665607678726 0.3313158107499428 86
1665607678930 0.3300118352703869 87
1665607679125 0.32913541865166995 88
1665607679318 0.3309283532025088 89
1665607679510 0.32758876752182947 90
1665607679704 0.3316401514231639 91
1665607679904 0.32923976061146576 92
1665607680101 0.33096907846195717 93
1665607680295 0.3303447868777343 94
1665607680487 0.32824661468279265 95
1665607680682 0.32887523589479817 96
1665607680879 0.3324399788180169 97
1665607681074 0.32881084322101184 98
1665607681267 0.3320263557252239 99
