1665607585602 0.3346942036060731 0
1665607585815 0.330161809786469 1
1665607586036 0.33350091228923 2
1665607586230 0.3296642303051745 3
1665607586430 0.33076088846131046 4
1665607586637 0.3286754200729326 5
1665607586844 0.3309265755588179 6
1665607587039 0.33084757746814614 7
1665607587233 0.3307876884719095 8
1665607587426 0.3288236287154861 9
1665607587627 0.3278514468140561 10
1665607587834 0.32876665124765597 11
1665607588032 0.3323178346869768 12
1665607588228 0.33258473758513146 13
1665607588458 0.32791987795556216 14
1665607588650 0.33054560992595683 15
1665607588843 0.3297253018423749 16
1665607589047 0.3295767567817428 17
1665607589261 0.3270947719373703 18
1665607589454 0.3315439280767958 19
1665607589648 0.3286822612419719 20
1665607589843 0.3296231374575765 21
1665607590043 0.3312028017134143 22
1665607590235 0.33233128825817915 23
1665607590430 0.3288042903057095 24
1665607590657 0.3296701509111666 25
1665607590928 0.32961801310774014 26
1665607591127 0.3302047936238116 27
1665607591320 0.33125967569629794 28
1665607591534 0.33187849087170646 29
1665607591755 0.3285988547154592 30
1665607591949 0.33222112900337497 31
1665607592144 0.3317611629648743 32
1665607592336 0.33013964164754295 33
1665607592555 0.33045950199865065 34
1665607592757 0.3305399892977596 35
1665607592953 0.3318888732980165 36
1665607593149 0.33008488715240797 37
1665607593340 0.3283374800211552 38
1665607593530 0.32999879175202684 39
1665607593719 0.3307562596341164 40
1665607593910 0.32629999230575685 41
1665607594103 0.33043187185398215 42
1665607594293 0.3313654541563116 43
1665607594483 0.3303415927292195 44
1665607594672 0.333096460155037 45
1665607594862 0.3289580822983668 46
1665607595063 0.33031970465401367 47
1665607595294 0.33136535527563243 48
1665607595520 0.33152829381572363 49
1665607595740 0.330059788796772 50
1665607595932 0.3294447416487045 51
1665607596127 0.3314431689212905 52
1665607596317 0.32688886244021803 53
1665607596512 0.32759556214466473 54
1665607596740 0.33032516716883925 55
1665607596944 0.3289314989562209 56
1665607597146 0.3314439405378648 57
1665607597349 0.3295379041510058 58
1665607597560 0.3325559634051785 59
1665607597752 0.3310753033953786 60
1665607597944 0.3303968904046953 61
1665607598152 0.33018575633664876 62
1665607598377 0.33041497178766766 63
1665607598591 0.3308554348044734 64
1665607598806 0.3310654197708367 65
1665607599030 0.3313815754673939 66
1665607599224 0.3314530455478838 67
1665607599417 0.33271601769068215 68
1665607599612 0.32806532367939445 69
1665607599806 0.3327166624299911 70
1665607600041 0.33091813779123297 71
1665607600269 0.3295821450016894 72
1665607600464 0.3301984841618627 73
1665607600670 0.3298434685972099 74
1665607600873 0.3319864224601653 75
1665607601075 0.3314881774020034 76
1665607601281 0.3348463838866118 77
1665607601484 0.32998884823981484 78
1665607601689 0.3312548688955259 79
1665607601892 0.3289865115626122 80
1665607602088 0.33155243490439323 81
1665607602290 0.3313656250942292 82
1665607602484 0.32974732158321773 83
1665607602679 0.3294840823320515 84
1665607602872 0.3315034559955143 85
1665607603065 0.3313158107499428 86
1665607603262 0.3300118352703869 87
1665607603457 0.32913541865166995 88
1665607603651 0.3309283532025088 89
1665607603845 0.32758876752182947 90
1665607604039 0.3316401514231639 91
1665607604238 0.32923976061146576 92
1665607604431 0.33096907846195717 93
1665607604624 0.3303447868777343 94
1665607604817 0.32824661468279265 95
1665607605011 0.32887523589479817 96
1665607605213 0.3324399788180169 97
1665607605408 0.32881084322101184 98
1665607605600 0.3320263557252239 99
